10000
10004
10006
10007
10010
10012
10013
10014
10015
10016
10017
10018
10019
10021
10023
10024
10025
10026
10028
10029
10031
10032
10033
10034
10035
10036
10037
10038
10040
10041
10042
10044
10045
10046
10047
10048
10049
10050
10051
10052
10053
10054
10055
10057
10058
10060
10061
10062
10063
10064
10065
10066
10068
10069
10070
10071
10072
10073
10074
10075
10078
10079
10080
10082
10093
10099
10100
10101
10102
10106
10107
10108
10109
10110
10111
10112
10113
10116
10118
10123
10133
10134
10135
10136
10137
10138
10139
10140
10141
10142
10143
10144
10145
10146
10147
10148
10149
10151
10152
10153
10154
10156
10162
10163
10166
10168
10169
10189
10190
10191
10192
10193
10195
10200
10201
10204
10206
10207
10208
10209
10210
10211
10212
10213
10214
10215
10216
10217
10218
10219
10221
10223
10224
10225
10226
10227
10228
10229
10230
10231
10232
10233
10234
10235
10236
10238
10240
10241
10243
10244
10246
10254
10259
10262
10263
10264
10267
10271
10272
10275
10281
10283
10286
10287
10288
10295
10297
10298
10305
10306
10307
10308
10315
10317
10318
10322
10323
10332
10336
10338
10339
10343
10345
10346
10347
10350
10355
10364
10369
1037
10373
10374
10376
10378
10382
10384
1039
10391
10397
1040
10403
10404
10405
10406
1041
1042
10421
10422
10423
10424
10425
10426
10427
10428
10429
1043
10434
10438
1044
10447
1045
10451
1046
10461
10462
10464
10465
10466
10467
1047
10473
10477
10479
1048
10480
1049
10499
1051
10523
1053
10532
10533
1054
10548
10549
10556
1056
10564
10565
1057
10570
1058
1059
10591
1061
10614
10619
1062
10624
10626
10627
10628
10629
10637
1064
10651
10658
1067
10672
10673
10675
10678
1068
10680
10682
10684
10689
10701
10702
10705
1071
1072
10722
10727
10733
10738
10742
10748
1075
10750
10751
10755
10769
1077
10772
10778
1078
10780
10784
10788
10794
1081
10810
10811
10812
10819
1083
1084
1085
10858
10867
10869
1087
1088
10880
1089
10896
10898
1091
1092
1093
1094
10940
1095
10954
10955
1096
10961
10964
10968
10969
1097
10970
10972
10973
10974
10975
10976
10977
10978
10979
1098
10980
10981
10982
10983
10984
10985
10986
10987
10989
10990
10991
10992
10993
10994
10995
10996
10997
10998
10999
11000
11001
11002
11003
11004
11005
11006
11007
11008
11009
1101
11010
11011
11012
11013
11014
11015
1102
11020
11021
11022
11023
11024
11025
11026
11027
11028
11029
1103
11030
11031
11033
11034
11035
11036
11037
11038
11039
11041
11042
11043
11044
11045
11046
11047
11048
11049
1105
1106
11060
11063
11064
11066
11067
11068
11069
1107
11070
11071
11072
11073
11078
11079
1108
11081
11082
11083
11084
11085
11086
11087
11088
11089
1109
11090
11091
11092
11093
11094
11095
11096
11097
11098
11099
1110
11100
11101
11102
11103
11104
11109
1111
11110
11113
11114
11115
11116
11117
1112
11122
11123
11124
11125
11126
11127
11128
11129
1113
11130
11131
11132
11136
11137
11138
11139
1114
11140
11141
11142
11143
11144
11145
11146
11147
11148
11149
1115
11150
11151
11152
11153
11154
11155
11156
11157
11158
11159
1116
11170
11171
11172
11174
11175
11176
11177
11178
11179
1118
11180
11181
11182
11183
11184
11185
11186
1119
1120
11203
11204
11205
11206
11207
11208
11209
1121
11210
11211
11212
11213
11214
11215
11216
11217
11218
11219
1122
11220
11221
11222
11223
11224
11225
11226
11227
11228
11229
1123
11230
11231
11232
11233
11234
11235
11236
11237
11238
11239
1124
11240
11241
11242
11243
11244
11245
11247
11250
11251
11252
11253
11254
11255
11256
11257
11258
11259
1126
11260
11261
11262
11263
11264
11265
11267
11269
1127
11272
11273
11274
11275
11276
11277
11278
11279
11280
11281
11282
11283
11284
11285
11286
11287
11288
11289
1129
11290
11291
11292
11293
11294
11295
11296
11297
11298
11299
1130
11300
11301
11302
11303
11304
11305
11307
11308
11309
1131
11310
11311
11312
11313
11326
11327
11328
11329
1133
11330
11331
11334
11336
11337
11338
11339
1134
11340
11341
11342
1135
1136
1137
11370
11372
1138
1139
1140
11413
1142
11420
11426
11427
11428
11429
1143
11430
11431
11434
11435
11439
1144
11440
11441
11442
11443
11444
11445
11446
11448
11449
1145
11450
11451
11452
11455
11457
11458
11459
11460
11464
11465
11469
1147
11471
11472
11473
11474
11475
11476
11477
11478
11485
11486
11487
11488
11489
1149
11490
11495
11497
1150
11502
11505
11506
11507
11508
11509
11510
11511
11512
11513
11514
11515
11516
11517
11518
11519
11520
11525
11526
11531
11532
11533
11534
11535
11536
11537
1154
11540
11541
11549
1155
11550
11551
1157
1158
1159
11591
11592
1160
1162
11622
11623
11624
11625
11626
11627
11629
1163
11631
11632
11633
11634
11635
11636
11638
11639
1164
11640
11641
11642
11643
11644
11645
11646
11648
11649
11650
11651
11655
11659
1166
11660
11662
11663
11665
11666
11667
11668
11669
1167
11670
11671
11680
1169
11691
11692
11693
11694
11695
11696
11697
1170
11701
11702
11703
11704
11705
11706
11707
11708
11709
11710
11712
11713
11718
11719
11720
11724
11725
11726
11727
11728
11729
1173
11730
11733
11734
11735
11739
1174
11740
11741
11742
11743
11744
11745
1175
11750
11752
11753
11754
11755
11756
11758
11759
1176
11760
11761
11762
11763
11775
11776
11777
11778
11779
1178
11780
11781
11782
11785
11786
11787
11788
11789
1179
11790
11791
11792
11793
11794
11795
11796
11797
11798
1180
11803
11804
11805
11806
11807
11808
1181
11810
11811
11812
11813
11814
11815
1182
11835
11836
11837
11838
11839
11840
11841
11842
11843
11844
11845
11846
11848
1185
11850
11851
11852
11853
11854
11858
11859
1186
11860
11861
11862
11863
11864
11865
11866
11868
11869
1187
11870
11871
11872
11873
11875
11876
11877
11878
11879
11880
11881
11882
11883
11884
11885
11886
11887
11888
11889
11890
11891
11892
11893
11894
11895
11896
11897
11899
1190
11905
11906
11907
11908
11909
1191
11910
11911
11912
11913
11914
11915
11916
11917
11918
11919
1192
11922
11923
11924
11925
11926
11927
11928
11929
1193
11930
11931
11932
11933
11934
11938
11939
1194
11940
11941
11942
11943
11944
11945
11946
11947
11948
11949
1195
11951
11952
11954
11955
1196
11962
11963
11964
11965
11967
11968
11972
11973
11974
11975
11976
1198
11982
11984
11985
11986
11987
11988
11989
1199
11990
11991
11992
11993
11994
11995
11996
11997
11998
11999
1200
12000
12001
12002
12006
12007
12008
12009
1201
12010
12011
12012
12013
12014
12015
12016
12017
12020
12021
12022
12023
12024
12033
12034
12035
12036
12037
12038
12039
12040
12041
12043
12044
12045
12046
12047
12048
12049
12050
12051
12052
12053
12054
12055
12056
12057
12058
12059
12060
12061
12062
12063
12064
12065
12066
12067
12068
12069
12070
12071
12072
12073
12074
12075
12076
12077
12078
12079
1208
12080
12081
12082
12083
12084
12085
12086
12087
12088
12089
12090
12091
12092
12094
12095
12096
12097
12098
12099
1210
12100
12101
12102
12107
12108
12109
12110
12111
12112
12113
12114
12121
12122
12123
12124
12125
12126
12127
12128
12129
1213
12130
12131
12132
12133
12134
12135
12137
12138
12139
1214
12140
12141
12142
12143
12144
12149
1215
12150
12151
12152
12153
12154
12155
12156
12157
12158
12159
1216
12160
12161
12162
12163
12164
12165
12166
12167
12168
12169
12170
12171
12172
12173
12174
12175
12176
12177
12178
12179
1218
12180
12181
12182
12183
12184
12185
1219
12194
12195
12196
12197
12199
1220
12201
12202
12203
12204
1221
12213
12214
12215
12216
12217
12219
1222
12220
1223
12239
12241
12242
12243
12246
12247
12253
12254
12255
12256
12257
1226
12266
12267
12268
12269
1227
12270
12271
12273
12276
12278
1228
12284
12288
12289
1229
12290
12296
1230
12301
12303
12304
12305
12307
1231
12310
12312
12313
12314
12315
12317
12318
12319
1232
12323
12324
12328
1233
12335
12336
12337
1234
12347
12348
12349
1235
12356
12357
1236
12361
12364
1237
12371
12372
12373
12374
12375
12378
12383
12389
12390
12391
12392
12412
12413
12414
12415
12416
12417
12418
1242
12420
12421
12423
12424
12425
12426
12427
12429
1243
12430
12431
12437
12438
1244
1246
12469
1247
12470
12473
12475
1248
12484
1249
1250
12503
12505
12506
12507
12516
12517
12518
1252
1253
12537
12538
1254
12542
12543
12558
1257
12576
1259
1260
12604
1261
12617
12618
12619
12620
12621
12622
12623
1267
1269
1270
1273
1274
1275
1276
1279
1283
1288
1289
1292
1294
1296
1299
1300
1301
1302
1304
1305
1307
1309
1313
1314
1315
1316
1317
1318
1319
1321
1323
1324
1326
1328
1329
1330
1332
1334
1336
1337
1339
1341
1342
1343
1344
1347
1348
1349
1350
1352
1358
1360
1361
1362
1363
1364
1365
1368
1370
1371
1372
1374
1377
1378
1379
1381
1382
1383
1385
1387
1390
1393
1398
1401
1402
1405
1407
1408
1409
1411
1412
1414
1415
1417
1418
1419
1422
1423
1425
1426
1427
1428
1429
1430
1432
1435
1436
1437
1438
1439
1440
1444
1445
1450
1452
1454
1455
1456
1457
1458
1459
1460
1461
1464
1466
1467
1469
1471
1472
1473
1474
1475
1476
1477
1483
1484
1486
1488
1489
1490
1491
1492
1494
1495
1497
1498
1500
1501
1502
1503
1504
1505
1506
1508
1509
1510
1511
1513
1514
1515
1516
1517
1518
1519
1520
1521
1523
1524
1525
1526
1528
1529
1530
1532
1535
1539
1543
1545
1546
1548
1551
1552
1553
1554
1556
1558
1560
1561
1563
1565
1566
1570
1574
1580
1584
1585
1586
1587
1588
1590
1595
1596
1599
1600
1601
1602
1603
1604
1606
1607
1608
1609
1610
1611
1612
1613
1614
1615
1616
1617
1618
1619
1622
1624
1625
1626
1627
1628
1630
1631
1632
1635
1636
1637
1638
1639
1640
1641
1643
1647
1649
1650
1651
1652
1653
1654
1655
1656
1657
1658
1660
1661
1668
1669
1672
1675
1681
1683
1684
1685
1686
1687
1688
1692
1694
1696
1697
1698
1699
1700
1701
1702
1703
1705
1706
1709
1714
1715
1718
1721
1724
1726
1728
1731
1737
1743
1744
1746
1747
1748
1751
1752
1754
1755
1758
1760
1761
1762
1764
1765
1766
1767
1769
1770
1771
1772
1773
1774
1777
1778
1779
1780
1781
1782
1784
1785
1786
1787
1789
1790
1791
1792
1793
1795
1797
1798
1799
1800
1801
1802
1805
1806
1809
1811
1812
1814
1819
1824
1826
1828
1832
1833
1834
1835
1836
1838
1840
1841
1843
1844
1846
1847
1848
1850
1852
1854
1855
1857
1859
1862
1864
1865
1867
1870
1871
1873
1874
1875
1876
1877
1879
1880
1881
1883
1884
1885
1887
1888
1890
1892
1893
1894
1895
1899
1901
1905
1906
1908
1915
1916
1924
1925
1926
1927
1929
1938
1939
1940
1941
1942
1943
1944
1945
1947
1953
1955
1956
1957
1958
1959
1962
1971
1973
1974
1976
1977
1978
1985
1989
1990
1991
1992
1994
1995
1996
2000
2001
2003
2005
2009
2010
2012
2013
2016
2017
2018
2019
2021
2025
2026
2028
2029
2030
2031
2032
2033
2034
2035
2036
2037
2038
2039
2040
2042
2045
2046
2047
2048
2050
2051
2053
2055
2059
2061
2063
2065
2066
2068
2069
2071
2074
2075
2076
2077
2078
2079
2080
2081
2083
2084
2085
2086
2087
2088
2089
2093
2094
2096
2097
2102
2103
2105
2106
2108
2111
2114
2115
2116
2117
2118
2121
2122
2124
2125
2127
2128
2129
2131
2132
2133
2134
2135
2136
2137
2139
2140
2141
2142
2144
2146
2147
2149
2150
2151
2153
2156
2157
2159
2161
2162
2163
2164
2165
2166
2167
2168
2170
2171
2172
2173
2174
2175
2176
2179
2182
2183
2184
2185
2187
2188
2189
2191
2192
2193
2200
2201
2202
2203
2205
2207
2208
2211
2212
2221
2222
2224
2225
2226
2228
2231
2232
2236
2238
2240
2241
2242
2243
2245
2246
2247
2249
2251
2253
2254
2255
2256
2257
2258
2259
2260
2262
2263
2265
2267
2269
2270
2272
2277
2278
2280
2281
2283
2287
2289
2290
2292
2293
2295
2296
2297
2299
2300
2302
2303
2304
2306
2309
2310
2311
2312
2313
2314
2315
2316
2317
2318
2319
2320
2321
2324
2326
2327
2328
2329
2334
2336
2337
2338
2339
2340
2341
2342
2343
2347
2349
2350
2351
2352
2353
2355
2356
2361
2363
2365
2366
2369
2371
2372
2373
2377
2378
2379
2380
2385
2387
2389
2390
2391
2395
2397
2399
2400
2401
2402
2408
2410
2411
2412
2417
2418
2420
2422
2423
2425
2428
2429
2430
2431
2432
2433
2434
2435
2436
2437
2438
2439
2442
2445
2446
2447
2450
2451
2453
2454
2455
2456
2459
2460
2461
2462
2463
2466
2469
2471
2472
2473
2476
2477
2480
2482
2483
2484
2485
2486
2487
2488
2490
2491
2494
2497
2498
2499
2500
2501
2503
2505
2506
2508
2510
2511
2516
2517
2518
2520
2521
2524
2526
2527
2528
2529
2530
2532
2533
2535
2538
2540
2542
2546
2548
2550
2553
2554
2556
2557
2559
2560
2563
2564
2565
2566
2567
2569
2571
2572
2574
2575
2576
2580
2583
2586
2588
2589
2592
2593
2594
2595
2597
2598
2599
2600
2601
2602
2603
2604
2605
2606
2608
2609
2611
2612
2613
2614
2617
2619
2620
2621
2623
2626
2629
2630
2633
2634
2635
2637
2638
2641
2642
2647
2648
2657
2658
2659
2662
2667
2668
2669
2671
2674
2678
2680
2681
2682
2684
2685
2686
2687
2688
2689
2690
2691
2692
2693
2694
2695
2697
2698
2699
2700
2701
2702
2703
2704
2705
2706
2707
2709
2710
2712
2713
2718
2720
2721
2722
2724
2727
2728
2729
2730
2731
2732
2733
2735
2736
2737
2740
2745
2746
2747
2748
2752
2753
2755
2757
2758
2760
2761
2762
2763
2764
2765
2766
2767
2768
2773
2777
2778
2779
2780
2782
2783
2786
2787
2788
2790
2791
2793
2796
2797
2798
2799
2800
2803
2805
2806
2807
2810
2812
2814
2817
2820
2821
2822
2823
2826
2828
2830
2834
2838
2840
2841
2842
2844
2846
2847
2849
2850
2851
2853
2854
2855
2856
2857
2858
2860
2862
2864
2865
2866
2867
2868
2869
2870
2871
2872
2874
2875
2876
2877
2878
2879
2880
2881
2883
2885
2886
2888
2890
2891
2895
2896
2898
2899
2901
2902
2903
2904
2905
2906
2907
2908
2909
2910
2911
2912
2914
2915
2916
2917
2918
2920
2921
2922
2923
2924
2927
2928
2930
2932
2934
2935
2936
2937
2940
2941
2942
2943
2944
2945
2947
2951
2952
2955
2957
2958
2960
2961
2962
2963
2964
2966
2967
2968
2969
2972
2974
2975
2977
2978
2979
2980
2982
2983
2984
2985
2986
2987
2989
2992
2993
2994
2996
2997
2998
2999
3001
3005
3006
3007
3008
3009
3011
3012
3013
3014
3015
3018
3023
3025
3027
3028
3032
3035
3036
3037
3040
3041
3043
3045
3048
3050
3054
3058
3060
3061
3065
3066
3067
3068
3069
3070
3072
3073
3074
3075
3076
3077
3078
3081
3087
3088
3089
3090
3092
3094
3095
3096
3097
3098
3099
3102
3103
3104
3105
3106
3107
3108
3109
3110
3111
3112
3113
3114
3115
3117
3119
3120
3122
3123
3125
3126
3127
3128
3130
3132
3134
3136
3138
3140
3141
3142
3143
3144
3145
3147
3148
3149
3150
3151
3153
3155
3156
3157
3158
3159
3162
3165
3167
3169
3171
3172
3173
3174
3184
3185
3186
3187
3188
3190
3191
3192
3193
3194
3195
3196
3197
3198
3200
3201
3202
3203
3205
3206
3207
3208
3210
3212
3213
3215
3216
3218
3220
3222
3225
3227
3228
3229
3232
3233
3234
3237
3238
3240
3241
3242
3244
3246
3248
3250
3251
3252
3253
3255
3256
3257
3258
3260
3261
3262
3264
3265
3267
3268
3269
3270
3271
3272
3273
3274
3275
3276
3277
3278
3279
3280
3282
3284
3285
3287
3288
3289
3290
3291
3292
3294
3295
3297
3298
3300
3301
3302
3303
3313
3315
3319
3324
3326
3328
3329
3331
3332
3335
3336
3337
3338
3342
3343
3345
3346
3348
3350
3351
3352
3353
3355
3356
3357
3360
3363
3364
3365
3366
3367
3369
3370
3373
3375
3377
3385
3387
3388
3390
3391
3392
3394
3396
3397
3400
3402
3406
3408
3410
3412
3415
3416
3417
3418
3419
3420
3421
3422
3423
3424
3425
3426
3427
3428
3431
3432
3434
3435
3436
3437
3438
3439
3442
3443
3445
3454
3455
3458
3466
3467
3469
3470
3473
3474
3480
3481
3482
3484
3486
3487
3488
3489
3490
3492
3496
3497
3500
3502
3503
3504
3507
3508
3509
3511
3512
3515
3517
3518
3520
3521
3523
3524
3525
3526
3528
3530
3531
3533
3535
3536
3537
3538
3540
3542
3543
3544
3545
3549
3551
3554
3555
3557
3558
3560
3563
3564
3565
3566
3567
3568
3569
3574
3575
3577
3578
3581
3584
3585
3587
3588
3589
3590
3591
3592
3596
3597
3598
3602
3603
3605
3608
3610
3613
3614
3615
3616
3617
3618
3619
3621
3624
3625
3626
3627
3628
3629
3630
3631
3632
3633
3634
3636
3637
3640
3641
3643
3644
3646
3647
3648
3649
3650
3652
3654
3655
3661
3662
3663
3664
3665
3666
3667
3670
3671
3674
3677
3679
3680
3681
3683
3692
3696
3698
3700
3702
3705
3707
3709
3711
3716
3722
3723
3728
3730
3734
3736
3737
3739
3740
3743
3744
3746
3747
3748
3749
3753
3755
3756
3758
3760
3761
3763
3765
3766
3767
3768
3769
3771
3773
3774
3775
3776
3778
3779
3780
3781
3782
3783
3786
3787
3790
3791
3792
3794
3795
3798
3799
3802
3810
3811
3814
3820
3822
3824
3826
3829
3830
3831
3833
3834
3837
3838
3839
3840
3841
3843
3844
3845
3847
3849
3850
3852
3856
3859
3860
3862
3863
3867
3870
3875
3876
3878
3879
3880
3883
3884
3885
3886
3888
3889
3893
3898
3899
3900
3903
3904
3907
3910
3911
3912
3913
3914
3915
3917
3919
3920
3921
3922
3923
3926
3927
3931
3932
3933
3934
3936
3937
3939
3940
3941
3943
3944
3946
3947
3948
3949
3950
3951
3954
3955
3957
3958
3959
3961
3963
3964
3965
3966
3967
3968
3970
3972
3973
3974
3975
3976
3978
3980
3981
3982
3983
3984
3985
3989
3990
3991
3993
3994
3995
3997
3998
4000
4001
4003
4005
4007
4012
4013
4014
4015
4016
4020
4022
4024
4025
4026
4027
4034
4035
4036
4037
4038
4040
4042
4043
4044
4045
4046
4047
4050
4052
4053
4054
4055
4056
4057
4058
4059
4060
4062
4063
4064
4065
4066
4067
4068
4070
4072
4073
4074
4077
4078
4080
4083
4084
4086
4088
4089
4091
4092
4093
4094
4095
4096
4097
4099
4100
4102
4103
4105
4106
4110
4111
4112
4117
4118
4119
4120
4121
4123
4125
4126
4127
4128
4130
4131
4132
4133
4134
4136
4137
4138
4139
4140
4142
4143
4144
4146
4149
4154
4157
4158
4159
4160
4161
4163
4165
4167
4168
4169
4170
4171
4172
4174
4175
4176
4179
4187
4188
4190
4192
4193
4199
4200
4201
4202
4203
4208
4210
4213
4214
4215
4217
4218
4220
4222
4223
4224
4225
4226
4227
4228
4229
4230
4232
4233
4234
4235
4236
4238
4239
4240
4241
4243
4248
4249
4251
4252
4253
4254
4255
4256
4259
4261
4267
4268
4269
4272
4273
4274
4275
4277
4278
4283
4286
4287
4288
4289
4291
4292
4295
4296
4297
4298
4300
4301
4306
4307
4308
4309
4310
4311
4312
4313
4314
4315
4316
4317
4325
4331
4336
4339
4340
4341
4342
4344
4345
4348
4349
4351
4352
4358
4359
4362
4363
4364
4365
4368
4369
4370
4371
4372
4374
4375
4377
4380
4381
4384
4385
4387
4388
4389
4390
4391
4392
4394
4395
4396
4399
4400
4402
4405
4407
4409
4410
4411
4412
4414
4415
4416
4417
4418
4419
4424
4428
4429
4430
4431
4433
4434
4435
4437
4442
4443
4445
4446
4447
4453
4454
4456
4457
4458
4467
4469
4474
4476
4478
4479
4480
4481
4482
4484
4485
4486
4489
4492
4493
4494
4497
4500
4501
4503
4504
4506
4507
4508
4511
4512
4514
4515
4516
4517
4518
4519
4520
4521
4522
4524
4525
4526
4527
4529
4530
4531
4533
4539
4540
4542
4544
4546
4549
4552
4553
4554
4557
4561
4563
4566
4567
4569
4570
4571
4572
4573
4575
4576
4579
4580
4581
4582
4590
4591
4592
4596
4597
4598
4599
4600
4601
4605
4609
4610
4611
4612
4613
4614
4615
4617
4618
4619
4620
4621
4623
4624
4625
4626
4628
4629
4633
4635
4636
4637
4643
4644
4645
4646
4647
4650
4651
4653
4655
4656
4660
4661
4663
4664
4666
4667
4668
4670
4671
4672
4673
4674
4676
4678
4679
4683
4685
4686
4687
4688
4689
4692
4693
4694
4695
4696
4697
4698
4699
4700
4701
4702
4703
4704
4709
4710
4713
4714
4715
4716
4719
4720
4721
4723
4724
4725
4727
4728
4729
4731
4732
4734
4735
4736
4738
4739
4740
4742
4744
4745
4746
4750
4751
4752
4753
4754
4755
4756
4757
4758
4759
4761
4764
4765
4767
4768
4769
4770
4771
4772
4773
4774
4776
4777
4778
4779
4781
4782
4783
4784
4785
4787
4789
4791
4792
4793
4795
4801
4802
4804
4805
4806
4807
4808
4809
4812
4813
4814
4818
4820
4821
4826
4827
4828
4829
4830
4831
4835
4839
4841
4843
4845
4846
4848
4850
4851
4852
4864
4865
4866
4867
4870
4871
4872
4873
4880
4881
4882
4884
4885
4886
4889
4890
4891
4893
4897
4898
4901
4902
4903
4904
4913
4914
4918
4919
4920
4922
4923
4925
4926
4928
4929
4930
4933
4934
4939
4940
4941
4943
4945
4946
4948
4949
4955
4956
4957
4958
4959
4961
4962
4963
4964
4965
4966
4967
4968
4969
4970
4971
4972
4980
4981
4982
4983
4984
4986
4988
4989
4991
4993
4994
4995
4996
4999
5001
5006
5008
5010
5012
5015
5016
5019
5025
5027
5030
5036
5037
5038
5040
5043
5045
5047
5049
5050
5051
5052
5054
5057
5058
5059
5060
5062
5063
5064
5065
5067
5068
5069
5070
5072
5076
5077
5083
5087
5088
5089
5090
5091
5092
5093
5094
5095
5096
5097
5098
5099
5100
5101
5102
5104
5105
5106
5107
5108
5109
5112
5113
5114
5118
5119
5120
5127
5128
5130
5131
5134
5137
5139
5141
5142
5145
5147
5149
5151
5153
5154
5155
5157
5158
5159
5160
5161
5164
5166
5167
5168
5169
5170
5172
5173
5175
5176
5184
5186
5193
5194
5196
5197
5198
5199
5200
5203
5204
5205
5207
5210
5211
5212
5213
5214
5215
5216
5218
5222
5227
5229
5230
5231
5235
5238
5239
5241
5242
5243
5244
5245
5246
5247
5251
5254
5256
5258
5259
5261
5262
5264
5265
5266
5267
5268
5269
5272
5276
5277
5279
5280
5281
5282
5283
5284
5285
5286
5287
5288
5290
5291
5292
5295
5301
5302
5303
5305
5308
5309
5311
5312
5313
5315
5317
5319
5320
5321
5325
5326
5327
5328
5330
5332
5333
5336
5340
5342
5349
5350
5351
5356
5358
5359
5360
5362
5364
5366
5367
5368
5370
5372
5373
5374
5375
5377
5378
5379
5380
5383
5384
5387
5388
5389
5390
5392
5394
5395
5398
5399
5400
5402
5403
5404
5405
5407
5414
5418
5420
5421
5422
5424
5425
5426
5427
5428
5430
5432
5433
5435
5436
5439
5441
5444
5445
5447
5448
5449
5450
5451
5452
5454
5455
5457
5460
5461
5463
5464
5466
5467
5468
5471
5472
5475
5476
5477
5480
5481
5483
5485
5486
5487
5488
5489
5494
5497
5498
5499
5500
5501
5502
5504
5505
5506
5508
5509
5510
5511
5512
5513
5514
5517
5518
5522
5524
5525
5528
5529
5530
5531
5532
5533
5534
5537
5538
5539
5541
5544
5545
5546
5547
5548
5549
5551
5552
5553
5554
5556
5557
5561
5563
5571
5574
5576
5577
5580
5581
5582
5584
5586
5594
5596
5598
5599
5600
5601
5602
5603
5604
5616
5617
5619
5620
5621
5622
5623
5624
5625
5626
5628
5630
5631
5634
5635
5636
5639
5641
5645
5646
5647
5649
5650
5660
5666
5667
5668
5670
5671
5672
5674
5675
5676
5677
5680
5681
5682
5683
5685
5686
5687
5688
5690
5692
5694
5695
5696
5700
5701
5703
5704
5706
5707
5710
5711
5712
5713
5714
5715
5716
5717
5718
5719
5720
5721
5722
5723
5725
5726
5727
5730
5732
5733
5734
5735
5736
5738
5740
5741
5742
5744
5745
5746
5747
5750
5751
5752
5753
5754
5755
5756
5759
5760
5762
5766
5767
5770
5771
5772
5775
5776
5777
5778
5779
5780
5783
5784
5786
5787
5789
5790
5791
5793
5794
5795
5796
5799
5800
5801
5802
5804
5805
5806
5808
5809
5811
5817
5819
5822
5824
5826
5828
5829
5833
5834
5835
5837
5842
5846
5847
5848
5850
5851
5853
5855
5864
5865
5867
5869
5870
5871
5872
5873
5876
5878
5880
5883
5885
5886
5888
5890
5891
5892
5893
5894
5895
5899
5900
5901
5902
5903
5904
5906
5910
5912
5914
5915
5916
5917
5918
5919
5920
5921
5922
5924
5926
5927
5928
5929
5930
5932
5933
5934
5936
5937
5938
5941
5942
5943
5945
5946
5949
5950
5951
5952
5953
5954
5956
5957
5959
5960
5962
5963
5964
5966
5967
5968
5969
5972
5973
5975
5976
5982
5986
5987
5988
5991
5992
5993
5994
5995
5996
5998
5999
6000
6001
6002
6003
6009
6013
6014
6016
6017
6018
6019
6022
6023
6024
6026
6032
6033
6035
6037
6038
6041
6042
6043
6044
6045
6046
6049
6050
6053
6054
6056
6057
6058
6059
6060
6061
6062
6063
6064
6065
6066
6067
6068
6069
6070
6071
6073
6074
6075
6076
6078
6079
6080
6081
6083
6085
6086
6087
6088
6089
6090
6092
6093
6094
6097
6099
6101
6103
6104
6105
6106
6108
6109
6110
6111
6112
6113
6114
6115
6117
6118
6119
6120
6122
6123
6126
6127
6129
6130
6132
6133
6135
6136
6138
6139
6141
6142
6154
6155
6156
6157
6158
6159
6160
6161
6162
6164
6165
6167
6168
6169
6170
6172
6173
6174
6175
6176
6177
6178
6179
6184
6185
6187
6189
6190
6193
6195
6196
6197
6199
6200
6201
6207
6208
6210
6211
6212
6213
6214
6215
6216
6218
6219
6220
6221
6222
6223
6224
6225
6226
6227
6228
6229
6230
6231
6232
6233
6236
6237
6238
6239
6240
6241
6242
6243
6244
6245
6246
6249
6250
6251
6254
6255
6256
6257
6258
6259
6260
6261
6262
6263
6264
6265
6266
6267
6268
6269
6270
6271
6272
6273
6274
6275
6276
6277
6278
6280
6281
6282
6283
6284
6285
6286
6287
6288
6289
6290
6291
6292
6293
6294
6295
6296
6297
6298
6299
6300
6301
6303
6305
6306
6307
6308
6309
6310
6311
6312
6313
6314
6315
6316
6318
6319
6321
6322
6323
6324
6325
6326
6327
6328
6329
6330
6331
6332
6333
6334
6335
6336
6337
6338
6339
6340
6341
6342
6343
6344
6346
6347
6349
6350
6351
6352
6353
6354
6356
6357
6358
6359
6360
6361
6362
6363
6364
6365
6366
6367
6369
6370
6371
6372
6373
6374
6375
6376
6377
6378
6379
6380
6381
6382
6385
6386
6387
6388
6389
6390
6392
6393
6394
6395
6396
6398
6399
6400
6401
6403
6406
6407
6408
6409
6410
6411
6412
6413
6414
6415
6416
6417
6418
6419
6420
6421
6422
6423
6424
6425
6426
6427
6428
6433
6434
6435
6436
6437
6438
6439
6440
6441
6442
6443
6444
6445
6446
6447
6448
6449
6450
6451
6452
6453
6454
6455
6456
6457
6458
6459
6460
6462
6463
6464
6465
6466
6467
6469
6470
6471
6472
6473
6474
6475
6476
6477
6478
6479
6480
6482
6483
6484
6485
6486
6487
6488
6489
6490
6491
6492
6493
6494
6495
6496
6497
6498
6499
6500
6501
6502
6503
6504
6505
6506
6507
6509
6510
6512
6513
6514
6515
6516
6517
6518
6519
6520
6521
6523
6524
6525
6526
6527
6528
6529
6530
6531
6532
6533
6535
6536
6537
6538
6539
6540
6541
6542
6543
6544
6545
6546
6549
6550
6551
6552
6553
6554
6555
6556
6557
6558
6559
6560
6561
6562
6563
6564
6565
6566
6567
6568
6569
6570
6571
6572
6573
6574
6575
6576
6577
6579
6580
6581
6582
6583
6584
6585
6586
6587
6588
6589
6590
6591
6592
6593
6594
6595
6596
6597
6598
6599
6600
6601
6602
6604
6605
6606
6607
6608
6609
6611
6613
6614
6615
6616
6617
6618
6619
6620
6623
6624
6625
6626
6627
6628
6629
6630
6631
6632
6633
6634
6635
6636
6637
6638
6639
6640
6641
6642
6643
6645
6646
6647
6649
6650
6651
6652
6653
6654
6656
6657
6658
6659
6660
6661
6664
6665
6666
6667
6668
6669
6670
6671
6672
6673
6674
6675
6676
6677
6679
6680
6681
6682
6690
6691
6693
6694
6695
6704
6706
6707
6708
6709
6712
6714
6715
6718
6719
6721
6722
6723
6724
6725
6726
6727
6730
6732
6733
6734
6735
6737
6738
6739
6740
6744
6745
6746
6747
6748
6751
6753
6754
6755
6756
6757
6758
6760
6761
6762
6763
6764
6765
6766
6768
6769
6770
6771
6772
6773
6774
6776
6777
6778
6780
6781
6782
6783
6786
6789
6792
6794
6795
6796
6799
6800
6801
6803
6805
6806
6807
6808
6811
6814
6815
6816
6817
6818
6819
6820
6822
6823
6824
6826
6827
6828
6829
6834
6835
6836
6837
6838
6839
6840
6841
6842
6846
6853
6854
6856
6857
6864
6865
6866
6868
6869
6870
6872
6874
6875
6877
6878
6879
6881
6882
6884
6885
6886
6887
6888
6890
6891
6892
6894
6896
6899
6901
6902
6903
6904
6905
6906
6907
6908
6911
6914
6915
6916
6917
6918
6919
6920
6925
6926
6927
6929
6931
6932
6934
6935
6940
6941
6942
6944
6945
6947
6948
6949
6950
6953
6954
6956
6957
6959
6961
6963
6965
6966
6967
6968
6970
6971
6973
6979
6984
6987
6988
6989
6993
7002
7016
7018
7021
7038
7039
7042
7050
7068
7069
7070
7071
7072
7074
7075
7076
7080
7082
7084
7086
7090
7091
7094
7095
7104
7105
7107
7108
7109
7114
7115
7116
7117
7119
7120
7121
7122
7123
7126
7128
7129
7131
7132
7133
7134
7135
7136
7137
7138
7139
7140
7141
7142
7143
7144
7145
7146
7147
7148
7152
7153
7155
7156
7157
7158
7159
7160
7162
7163
7164
7165
7166
7167
7168
7171
7173
7176
7177
7178
7182
7183
7184
7185
7186
7187
7188
7189
7190
7191
7193
7195
7196
7197
7198
7199
7200
7201
7202
7203
7204
7205
7206
7207
7208
7211
7212
7214
7215
7216
7217
7218
7219
7220
7221
7222
7223
7224
7225
7226
7227
7228
7229
7230
7231
7232
7233
7234
7235
7236
7239
7240
7241
7242
7243
7244
7245
7246
7248
7251
7252
7253
7254
7256
7257
7258
7259
7260
7261
7262
7263
7264
7265
7266
7268
7269
7270
7271
7272
7273
7274
7275
7276
7277
7279
7287
7288
7290
7291
7292
7293
7295
7296
7297
7298
7299
7300
7301
7302
7303
7304
7305
7306
7308
7309
7310
7311
7315
7317
7318
7319
7320
7321
7322
7324
7325
7326
7327
7328
7329
7331
7332
7333
7334
7335
7336
7337
7338
7339
7340
7341
7342
7343
7344
7345
7346
7350
7351
7352
7355
7356
7357
7358
7359
7360
7361
7362
7363
7364
7365
7366
7367
7368
7370
7371
7372
7374
7375
7376
7377
7380
7381
7396
7400
7401
7402
7403
7404
7406
7408
7409
7410
7411
7415
7418
7419
7420
7421
7422
7423
7424
7426
7428
7429
7430
7436
7437
7438
7439
7441
7444
7445
7446
7447
7448
7451
7452
7453
7454
7456
7457
7458
7459
7461
7463
7464
7465
7467
7468
7469
7472
7475
7478
7480
7481
7482
7483
7484
7485
7486
7487
7488
7489
7490
7491
7492
7493
7494
7495
7496
7497
7500
7501
7502
7503
7504
7506
7508
7509
7510
7512
7513
7514
7515
7516
7517
7521
7522
7523
7524
7525
7527
7528
7529
7530
7531
7532
7533
7534
7535
7536
7537
7538
7539
7540
7541
7542
7543
7549
7550
7558
7559
7560
7561
7562
7566
7567
7568
7570
7571
7573
7576
7579
7580
7581
7582
7583
7584
7586
7587
7589
7590
7591
7603
7605
7606
7607
7608
7610
7611
7612
7614
7615
7617
7618
7621
7622
7623
7625
7629
7630
7631
7633
7639
7642
7643
7645
7646
7648
7650
7653
7654
7656
7657
7658
7661
7662
7665
7666
7667
7669
7670
7675
7676
7677
7681
7682
7683
7685
7686
7687
7688
7689
7690
7692
7693
7699
7700
7701
7702
7703
7704
7705
7706
7707
7708
7709
7710
7711
7712
7713
7714
7715
7717
7719
7720
7721
7722
7723
7724
7725
7726
7727
7728
7730
7731
7732
7733
7734
7735
7736
7737
7738
7739
7740
7741
7742
7743
7744
7745
7747
7748
7749
7750
7751
7753
7754
7756
7757
7758
7759
7760
7761
7762
7763
7764
7765
7766
7768
7769
7770
7771
7772
7773
7774
7775
7776
7777
7778
7780
7781
7782
7783
7784
7786
7787
7790
7791
7792
7794
7795
7797
7799
7802
7803
7804
7805
7807
7808
7809
7810
7812
7816
7817
7818
7819
7820
7823
7824
7826
7831
7832
7833
7834
7835
7836
7837
7838
7839
7840
7841
7842
7843
7844
7855
7856
7857
7859
7860
7861
7862
7864
7865
7867
7869
7872
7873
7874
7878
7879
7881
7882
7884
7887
7888
7889
7899
7900
7902
7903
7906
7907
7909
7911
7914
7918
7921
7922
7923
7924
7925
7926
7927
7928
7931
7933
7934
7937
7939
7940
7941
7945
7946
7948
7949
7950
7951
7952
7956
7958
7960
7961
7966
7969
7970
7974
7976
7977
7979
7981
7983
7984
7985
7990
7991
7993
7994
7996
7997
7998
8003
8004
8006
8007
8008
8012
8016
8018
8019
8020
8021
8022
8024
8025
8026
8027
8028
8030
8031
8032
8033
8034
8035
8036
8037
8041
8043
8045
8052
8053
8054
8055
8056
8057
8058
8059
8060
8062
8063
8065
8066
8067
8068
8070
8071
8072
8074
8076
8077
8078
8081
8082
8083
8084
8087
8088
8089
8090
8091
8092
8094
8095
8097
8098
8101
8104
8107
8110
8112
8113
8114
8116
8118
8119
8121
8122
8124
8128
8130
8134
8136
8137
8138
8139
8140
8141
8143
8148
8149
8150
8155
8156
8157
8158
8160
8162
8163
8165
8166
8167
8171
8173
8177
8178
8179
8181
8182
8183
8185
8188
8189
8193
8194
8195
8197
8198
8199
8200
8201
8202
8204
8205
8206
8207
8209
8210
8212
8214
8215
8216
8218
8220
8221
8223
8224
8227
8228
8230
8231
8234
8243
8244
8248
8249
8250
8256
8261
8262
8264
8266
8268
8270
8273
8275
8278
8279
8280
8281
8285
8286
8287
8289
8290
8294
8296
8310
8322
8323
8327
8329
8334
8337
8339
8341
8342
8343
8344
8345
8346
8347
8348
8349
8350
8351
8352
8353
8354
8358
8361
8362
8364
8365
8366
8368
8372
8374
8378
8379
8380
8381
8384
8385
8390
8391
8392
8393
8395
8400
8401
8402
8403
8404
8405
8407
8408
8410
8411
8412
8413
8414
8417
8422
8423
8424
8426
8429
8431
8435
8437
8439
8440
8443
8444
8446
8454
8455
8460
8463
8464
8465
8466
8475
8482
8488
8490
8491
8492
8494
8495
8497
8501
8502
8504
8506
8507
8509
8514
8516
8522
8523
8531
8532
8533
8543
8545
8546
8547
8548
8549
8550
8553
8556
8558
8565
8568
8578
8588
8589
8591
8595
8596
8599
8601
8604
8605
8606
8607
8613
8614
8615
8616
8617
8618
8619
8620
8621
8622
8625
8631
8632
8633
8634
8635
8636
8639
8641
8642
8643
8644
8645
8647
8652
8653
8654
8656
8661
8664
8673
8674
8675
8676
8677
8679
8681
8687
8688
8689
8690
8691
8692
8693
8694
8695
8696
8697
8698
8699
8700
8701
8702
8703
8704
8705
8706
8707
8708
8709
8710
8713
8714
8717
8718
8719
8720
8721
8722
8723
8724
8725
8726
8727
8728
8729
8730
8731
8732
8733
8734
8735
8737
8740
8741
8742
8743
8745
8747
8748
8750
8751
8752
8759
8760
8761
8764
8765
8773
8777
8780
8781
8783
8785
8788
8790
8792
8793
8794
8797
8799
8800
8805
8806
8807
8808
8809
8810
8811
8812
8813
8814
8815
8816
8817
8818
8819
8820
8826
8828
8829
8830
8831
8832
8833
8834
8835
8836
8837
8838
8839
8840
8841
8842
8843
8844
8845
8846
8847
8848
8849
8850
8851
8852
8853
8854
8855
8856
8857
8858
8859
8860
8862
8864
8865
8869
8870
8872
8873
8874
8875
8877
8878
8879
8880
8881
8882
8883
8884
8885
8886
8891
8898
8903
8908
8910
8915
8916
8917
8918
8927
8929
8930
8932
8934
8936
8946
8947
8949
8951
8952
8953
8956
8957
8958
8959
8960
8961
8962
8963
8965
8966
8967
8972
8978
8980
8981
8982
8983
8984
8985
8986
8987
8988
8989
8993
8994
8995
8996
9003
9004
9005
9006
9008
9009
9012
9018
9020
9022
9023
9026
9027
9028
9029
9031
9032
9033
9034
9036
9037
9038
9039
9040
9041
9043
9045
9046
9047
9048
9050
9051
9052
9054
9055
9059
9062
9063
9064
9066
9067
9069
9070
9071
9072
9073
9074
9077
9078
9080
9082
9083
9084
9085
9086
9087
9088
9089
9091
9093
9094
9096
9097
9098
9099
9101
9102
9104
9106
9107
9109
9110
9111
9112
9113
9114
9115
9116
9117
9119
9121
9123
9125
9126
9127
9129
9130
9132
9133
9134
9135
9139
9141
9149
9150
9152
9155
9158
9159
9164
9165
9167
9168
9169
9173
9179
9180
9181
9184
9187
9188
9190
9196
9198
9199
9202
9204
9205
9206
9208
9209
9210
9211
9212
9213
9214
9215
9216
9217
9218
9219
9220
9221
9222
9226
9229
9230
9231
9234
9238
9242
9243
9244
9247
9248
9251
9261
9264
9273
9274
9275
9276
9279
9280
9281
9282
9283
9284
9285
9287
9288
9289
9290
9291
9292
9293
9297
9298
9299
9300
9301
9302
9303
9304
9305
9306
9307
9310
9312
9313
9314
9316
9317
9318
9319
9321
9322
9326
9332
9334
9336
9337
9338
9339
9341
9342
9343
9344
9345
9346
9348
9349
9352
9356
9357
9366
9367
9373
9374
9376
9379
9380
9388
9392
9395
9401
9409
9412
9417
9418
9426
9427
9428
9431
9432
9436
9437
9438
9439
9444
9448
9455
9461
9466
9474
9485
9486
9492
9493
9495
9496
9498
9500
9501
9505
9506
9507
9508
9510
9511
9518
9519
9531
9532
9533
9535
9539
9541
9542
9544
9546
9548
9553
9555
9568
9569
9570
9571
9572
9574
9575
9576
9577
9578
9579
9583
9584
9585
9586
9587
9588
9590
9591
9592
9593
9594
9595
9596
9598
9599
9600
9601
9602
9608
9609
9610
9611
9612
9613
9616
9618
9621
9622
9623
9624
9625
9627
9628
9639
9640
9650
9653
9659
9661
9663
9668
9669
9670
9671
9672
9677
9678
9679
9680
9681
9682
9683
9684
9686
9687
9688
9689
9690
9691
9692
9698
9700
9701
9702
9703
9704
9705
9706
9707
9708
9714
9715
9716
9721
9723
9726
9731
9738
9740
9741
9742
9746
9748
9750
9753
9756
9757
9761
9762
9763
9770
9776
9777
9781
9782
9784
9785
9790
9799
9803
9804
9805
9809
9810
9812
9819
9820
9821
9823
9830
9831
9832
9833
9834
9835
9837
9842
9843
9844
9846
9847
9848
9849
9850
9853
9858
9859
9863
9864
9865
9868
9870
9873
9876
9879
9880
9888
9892
9893
9894
9895
9902
9904
9907
9913
9918
9919
9920
9921
9924
9930
9941
9945
9946
9947
9948
9949
9950
9951
9952
9953
9954
9956
9957
9958
9959
9960
9961
9962
9963
9964
9965
9966
9967
9968
9970
9972
9973
9974
9975
9976
9978
9979
9980
9981
9982
9983
9984
9985
9986
9987
9988
9989
9990
9991
9993
9995
9996
9998
